Date,High,Low,Open,Close,Volume,Adj Close
2016-11-18,47.61539840698242,39.68050003051758,39.68050003051758,47.61539840698242,59315.0,39.947513580322266
2016-11-21,52.378700256347656,52.378700256347656,52.378700256347656,52.378700256347656,29010.0,43.94374084472656
2016-11-22,57.61539840698242,57.61539840698242,57.61539840698242,57.61539840698242,11382.0,48.337127685546875
2016-11-23,63.378700256347656,63.378700256347656,63.378700256347656,63.378700256347656,53104.0,53.17232131958008
2016-11-24,69.71600341796875,69.71600341796875,69.71600341796875,69.71600341796875,95997.0,58.48907470703125
2016-11-25,76.6864013671875,76.6864013671875,76.6864013671875,76.6864013671875,223519.0,64.33698272705078
2016-11-28,84.3550033569336,84.3550033569336,84.3550033569336,84.3550033569336,261867.0,70.77064514160156
2016-11-29,91.95860290527344,77.22489929199219,91.95860290527344,78.05919647216797,49361469.0,65.48870086669922
2016-11-30,76.92310333251953,72.71009826660156,75.08280181884766,72.97039794921875,25618177.0,61.219390869140625
2016-12-01,76.3313980102539,71.83429718017578,72.18340301513672,74.53250122070312,18760458.0,62.52993392944336
2016-12-02,74.53849792480469,71.95269775390625,73.49109649658203,72.12429809570312,12545422.0,60.50954818725586
2016-12-05,71.00589752197266,69.24259948730469,71.00589752197266,69.26629638671875,11255700.0,58.111785888671875
2016-12-06,70.52660369873047,69.23670196533203,69.7041015625,69.69229888916016,6904111.0,58.46918487548828
2016-12-07,70.05329895019531,68.82250213623047,69.88169860839844,69.87570190429688,6880753.0,58.62305450439453
2016-12-08,72.46150207519531,69.32540130615234,69.46749877929688,70.23079681396484,10196004.0,58.92096710205078
2016-12-09,69.82250213623047,68.04730224609375,69.82250213623047,68.11830139160156,9115809.0,57.14866256713867
2016-12-12,67.3135986328125,61.56209945678711,66.69229888916016,62.08879852294922,13386386.0,52.09014129638672
2016-12-13,63.307701110839844,61.27220153808594,61.55030059814453,62.63309860229492,6008230.0,52.546791076660156
2016-12-14,63.10649871826172,60.934898376464844,62.54439926147461,60.982200622558594,5759117.0,51.161746978759766
2016-12-15,62.650901794433594,60.828399658203125,60.94670104980469,61.402400970458984,5121614.0,51.5142822265625
2016-12-16,62.467498779296875,61.24259948730469,61.402400970458984,62.124298095703125,4270749.0,52.11992645263672
2016-12-19,62.650901794433594,61.349098205566406,62.13019943237305,61.763301849365234,3657525.0,51.81706237792969
2016-12-20,61.89350128173828,61.04140090942383,61.45560073852539,61.284000396728516,3269604.0,51.414947509765625
2016-12-21,61.875701904296875,61.24259948730469,61.64500045776367,61.68050003051758,3046737.0,51.747596740722656
2016-12-22,61.83430099487305,61.05329895019531,61.763301849365234,61.16569900512695,2854896.0,51.315696716308594
2016-12-23,61.2130012512207,57.85210037231445,61.13019943237305,58.171600341796875,9117032.0,48.80376052856445
2016-12-26,57.97629928588867,56.30179977416992,57.97629928588867,57.76919937133789,4808825.0,48.466163635253906
2016-12-27,58.05329895019531,57.41419982910156,57.63909912109375,57.47930145263672,2832872.0,48.22294998168945
2016-12-28,57.692298889160156,56.982200622558594,57.18939971923828,57.11240005493164,2794374.0,47.91513442993164
2016-12-29,57.2958984375,56.5088996887207,57.2130012512207,56.54439926147461,2713251.0,47.438602447509766
2016-12-30,57.035499572753906,56.307701110839844,56.59170150756836,56.390499114990234,2648363.0,47.309486389160156
2017-01-03,56.86389923095703,56.43199920654297,56.43199920654297,56.79290008544922,2395929.0,47.64708709716797
2017-01-04,57.08879852294922,56.390499114990234,56.8224983215332,57.07099914550781,3859407.0,47.88039779663086
2017-01-05,57.38460159301758,56.43790054321289,57.11240005493164,56.44969940185547,3210814.0,47.359153747558594
2017-01-06,56.1953010559082,53.77510070800781,56.15380096435547,53.7869987487793,7919395.0,45.125244140625
2017-01-09,53.739601135253906,52.63909912109375,53.55030059814453,53.278099060058594,4440819.0,44.69830322265625
2017-01-10,55.609500885009766,53.035499572753906,53.20709991455078,54.53850173950195,6704407.0,45.75572967529297
2017-01-11,54.378700256347656,53.1598014831543,54.15380096435547,53.18939971923828,3575909.0,44.62388610839844
2017-01-12,54.141998291015625,53.04140090942383,53.13610076904297,53.1953010559082,2884432.0,44.62883758544922
2017-01-13,53.42599868774414,51.745601654052734,53.082801818847656,51.94670104980469,4255769.0,43.5813102722168
2017-01-16,52.065101623535156,47.33729934692383,51.89350128173828,48.91120147705078,6407832.0,41.03464126586914
2017-01-17,50.76919937133789,47.44380187988281,48.53850173950195,50.1598014831543,5386851.0,42.0821647644043
2017-01-18,49.81060028076172,48.733699798583984,49.72779846191406,48.763301849365234,2879117.0,40.910552978515625
2017-01-19,49.715999603271484,47.79290008544922,48.58580017089844,48.97629928588867,3667173.0,41.08925247192383
2017-01-20,49.940799713134766,48.56800079345703,48.61539840698242,49.65679931640625,3694799.0,41.6601676940918
2017-01-23,50.171600341796875,49.307701110839844,49.31949996948242,49.7041015625,3260508.0,41.699851989746094
2017-01-24,49.85210037231445,48.934898376464844,49.692298889160156,48.952701568603516,2516807.0,41.069454193115234
2017-01-25,49.63309860229492,48.739601135253906,48.858001708984375,49.55030059814453,2198994.0,41.57081985473633
2017-01-26,50.1775016784668,49.627201080322266,49.627201080322266,49.97629928588867,2254975.0,41.92821502685547
2017-02-03,50.16569900512695,49.2958984375,50.0,49.5088996887207,1768610.0,41.53608322143555
2017-02-06,51.254398345947266,49.58580017089844,49.58580017089844,51.1598014831543,4759496.0,42.9211311340332
2017-02-07,51.254398345947266,50.44969940185547,51.18939971923828,50.733699798583984,3017743.0,42.56364822387695
2017-02-08,51.124298095703125,50.35499954223633,50.721900939941406,51.076900482177734,2935950.0,42.85157775878906
2017-02-09,51.77510070800781,50.88759994506836,50.89939880371094,51.36690139770508,3767655.0,43.094879150390625
2017-02-10,51.2958984375,50.69820022583008,51.23080062866211,50.763301849365234,3297032.0,42.58848190307617
2017-02-13,51.8046989440918,50.650901794433594,50.650901794433594,51.55030059814453,3890197.0,43.24874496459961
2017-02-14,51.52069854736328,50.923099517822266,51.40829849243164,51.10649871826172,2750647.0,42.87641143798828
2017-02-15,54.621299743652344,51.09469985961914,51.09469985961914,53.236698150634766,10452011.0,44.66356658935547
2017-02-16,54.40829849243164,52.66270065307617,52.95859909057617,53.858001708984375,6233149.0,45.184818267822266
2017-02-17,54.99409866333008,52.940799713134766,53.72779846191406,52.982200622558594,6685743.0,44.45005416870117
2017-02-20,53.24259948730469,51.85210037231445,52.94670104980469,52.44969940185547,4250978.0,44.0033073425293
2017-02-21,53.065101623535156,52.33140182495117,52.33140182495117,52.72779846191406,3056331.0,44.23661804199219
2017-02-22,53.43199920654297,52.57400131225586,52.63309860229492,52.8046989440918,2875568.0,44.3011360168457
2017-02-23,54.63309860229492,52.597599029541016,52.75149917602539,53.92900085449219,5918814.0,45.244380950927734
2017-02-24,56.11240005493164,54.44380187988281,54.83430099487305,54.45560073852539,8127693.0,45.686180114746094
2017-02-27,54.349098205566406,53.14789962768555,54.01179885864258,53.1953010559082,4999873.0,44.62883758544922
2017-02-28,53.58580017089844,53.02370071411133,53.076900482177734,53.43199920654297,2933621.0,44.82741928100586
2017-03-01,53.5265998840332,52.66859817504883,53.43199920654297,52.81060028076172,3709627.0,44.306087493896484
2017-03-02,53.78110122680664,52.89939880371094,53.45560073852539,53.02370071411133,3426419.0,44.484867095947266
2017-03-03,53.05329895019531,52.56800079345703,53.04140090942383,52.75740051269531,2667648.0,44.261451721191406
2017-03-06,53.89350128173828,52.61539840698242,52.61539840698242,53.79290008544922,4061027.0,45.13019943237305
2017-03-07,54.00590133666992,53.4911003112793,53.66859817504883,53.982200622558594,3572271.0,45.28901290893555
2017-03-08,54.141998291015625,53.13610076904297,54.141998291015625,53.3135986328125,3129418.0,44.728084564208984
2017-03-09,53.18939971923828,52.18939971923828,53.171600341796875,52.36690139770508,3624958.0,43.933837890625
2017-03-10,52.828399658203125,52.23080062866211,52.23080062866211,52.63909912109375,2136053.0,44.16220474243164
2017-03-13,53.69820022583008,52.01179885864258,52.78110122680664,53.55619812011719,4175542.0,44.93161392211914
2017-03-14,54.42599868774414,53.266300201416016,53.55030059814453,53.89939880371094,5819614.0,45.219547271728516
2017-03-15,53.81660079956055,53.38460159301758,53.81660079956055,53.56209945678711,3123888.0,44.93656539916992
2017-03-16,54.964500427246094,53.6864013671875,53.6864013671875,54.8401985168457,6823824.0,46.008846282958984
2017-03-17,55.236698150634766,53.58580017089844,54.79880142211914,53.733699798583984,6522078.0,45.080528259277344
2017-03-20,54.141998291015625,53.40829849243164,53.739601135253906,54.11830139160156,3308759.0,45.4031982421875
2017-03-21,54.30179977416992,53.66270065307617,54.141998291015625,54.029598236083984,3187679.0,45.32877731323242
2017-03-22,54.029598236083984,53.18339920043945,53.76919937133789,53.627201080322266,3730347.0,44.99118423461914
2017-03-23,58.98820114135742,53.52069854736328,53.52069854736328,58.07099914550781,21755745.0,48.7193603515625
2017-03-24,58.047298431396484,56.59170150756836,57.14789962768555,56.66859817504883,10015193.0,47.54280090332031
2017-03-27,57.5265998840332,55.98820114135742,56.61539840698242,56.934898376464844,6184676.0,47.76621627807617
2017-03-28,56.6864013671875,55.13610076904297,56.6864013671875,55.141998291015625,6227695.0,46.26203918457031
2017-03-29,55.20709991455078,53.83430099487305,54.970401763916016,53.84619903564453,6025000.0,45.1749153137207
2017-03-30,53.952701568603516,51.24259948730469,53.66270065307617,52.0,6410124.0,43.62602615356445
2017-03-31,52.721900939941406,51.89350128173828,51.89350128173828,52.31949996948242,2809243.0,43.894073486328125
2017-04-05,53.2130012512207,52.33140182495117,52.56209945678711,52.875701904296875,2466800.0,44.3607063293457
2017-04-06,53.76919937133789,52.66270065307617,53.00590133666992,53.23080062866211,3016318.0,44.65861892700195
2017-04-07,53.16569900512695,52.2130012512207,53.16569900512695,52.260398864746094,3448821.0,43.84449005126953
2017-04-10,52.58580017089844,50.38460159301758,52.325401306152344,50.42599868774414,4706683.0,42.30549621582031
2017-04-11,51.065101623535156,50.254398345947266,50.2958984375,51.065101623535156,3042344.0,42.841678619384766
2017-04-12,51.05329895019531,50.34320068359375,51.00590133666992,50.372798919677734,2121825.0,42.2608642578125
2017-04-13,50.934898376464844,50.2958984375,50.38460159301758,50.325401306152344,1982723.0,42.22109603881836
2017-04-14,50.52069854736328,49.57400131225586,50.41419982910156,49.63309860229492,2584212.0,41.64028549194336
2017-04-17,49.11240005493164,47.43199920654297,49.11240005493164,48.325401306152344,2869332.0,40.543174743652344
2017-04-18,48.88759994506836,48.16569900512695,48.34320068359375,48.2958984375,2061631.0,40.5184211730957
2017-04-19,49.33729934692383,48.0,48.307701110839844,49.15380096435547,2872682.0,41.2381706237793
2017-04-20,50.52069854736328,48.875701904296875,49.10060119628906,49.66270065307617,3661511.0,41.66511535644531
2017-04-21,50.076900482177734,49.11240005493164,49.58580017089844,49.16569900512695,2070457.0,41.24815368652344
2017-04-24,49.11240005493164,47.75149917602539,49.059200286865234,47.970401763916016,1998191.0,40.24534225463867
2017-04-25,48.514801025390625,48.047298431396484,48.39649963378906,48.10060119628906,1662784.0,40.354576110839844
2017-04-26,48.514801025390625,47.621299743652344,48.28990173339844,47.72779846191406,2296111.0,40.04180908203125
2017-04-27,47.7041015625,46.31949996948242,47.41419982910156,47.532501220703125,4256763.0,39.877960205078125
2017-04-28,47.923099517822266,47.3135986328125,47.402400970458984,47.46149826049805,2437615.0,39.81839370727539
2017-05-02,47.917198181152344,47.485198974609375,47.485198974609375,47.627201080322266,1382758.0,39.9574089050293
2017-05-03,47.90530014038086,47.39649963378906,47.692298889160156,47.650901794433594,1444909.0,39.977294921875
2017-05-04,47.68050003051758,47.082801818847656,47.63309860229492,47.11240005493164,1940120.0,39.525516510009766
2017-05-05,47.28990173339844,46.44969940185547,47.16569900512695,46.45560073852539,1959308.0,38.9744873046875
2017-05-08,46.33729934692383,45.30179977416992,46.33729934692383,45.325401306152344,2409602.0,38.02629089355469
2017-05-09,45.952701568603516,45.325401306152344,45.56209945678711,45.71009826660156,1314520.0,38.349037170410156
2017-05-10,45.83430099487305,44.44380187988281,45.71009826660156,44.47930145263672,2334735.0,37.316444396972656
2017-05-11,44.260398864746094,42.627201080322266,44.260398864746094,43.56800079345703,2895634.0,36.55189514160156
2017-05-12,43.63909912109375,43.09469985961914,43.402400970458984,43.266300201416016,1224859.0,36.29878234863281
2017-05-15,43.75740051269531,43.349098205566406,43.349098205566406,43.43199920654297,1226264.0,36.43779754638672
2017-05-16,44.082801818847656,42.72779846191406,43.46149826049805,44.076900482177734,1939089.0,36.97884750366211
2017-05-17,44.71009826660156,44.082801818847656,44.082801818847656,44.36690139770508,2017773.0,37.222145080566406
2017-05-18,44.44969940185547,43.79880142211914,43.917198181152344,43.83430099487305,1114125.0,36.77531433105469
2017-05-19,44.20119857788086,43.7869987487793,43.8046989440918,43.982200622558594,1355559.0,36.899391174316406
2017-05-22,44.02370071411133,42.609500885009766,43.7869987487793,42.715999603271484,1584304.0,35.83709716796875
2017-05-23,42.77510070800781,40.75740051269531,42.715999603271484,40.92900085449219,2633631.0,34.3378791809082
2017-05-24,41.31949996948242,40.16569900512695,40.88759994506836,41.035499572753906,1947491.0,34.427223205566406
2017-05-25,41.52069854736328,40.24259948730469,40.56800079345703,41.38460159301758,1834287.0,34.72010803222656
2017-05-26,42.13019943237305,40.83430099487305,41.47930145263672,41.81060028076172,1468180.0,35.07750701904297
2017-05-31,43.875701904296875,42.2130012512207,42.923099517822266,42.284000396728516,3043250.0,35.47467041015625
2017-06-01,42.260398864746094,41.24259948730469,42.01179885864258,41.36690139770508,1782882.0,34.705257415771484
2017-06-02,43.1775016784668,41.00590133666992,41.2130012512207,42.934898376464844,2621411.0,36.020748138427734
2017-06-05,43.55030059814453,42.89939880371094,43.14789962768555,43.02370071411133,2049168.0,36.09524917602539
2017-06-06,43.31949996948242,42.69820022583008,42.89939880371094,43.21889877319336,1198122.0,36.259010314941406
2017-06-07,44.076900482177734,43.23080062866211,43.23080062866211,43.923099517822266,2726064.0,36.84981155395508
2017-06-08,43.917198181152344,43.55030059814453,43.7869987487793,43.55619812011719,1854803.0,36.5419921875
2017-06-09,43.88759994506836,43.467498779296875,43.56209945678711,43.76919937133789,1668016.0,36.72069549560547
2017-06-12,43.56209945678711,42.89939880371094,43.56209945678711,42.89939880371094,1748550.0,35.990962982177734
2017-06-13,43.63909912109375,42.66270065307617,42.828399658203125,43.420101165771484,1314262.0,36.427818298339844
2017-06-14,43.66859817504883,43.349098205566406,43.4911003112793,43.53850173950195,1596406.0,36.52714920043945
2017-06-15,44.44380187988281,43.43199920654297,43.54439926147461,44.21889877319336,2755350.0,37.09797668457031
2017-06-16,44.20709991455078,43.66270065307617,44.0177001953125,43.692298889160156,1472446.0,36.65617752075195
2017-06-19,43.98820114135742,43.55030059814453,43.692298889160156,43.76919937133789,1140293.0,36.72069549560547
2017-06-20,44.082801818847656,43.4734001159668,44.082801818847656,43.4911003112793,1224288.0,36.48738098144531
2017-06-21,43.68050003051758,43.21889877319336,43.609500885009766,43.372798919677734,1231846.0,36.38813018798828
2017-06-22,43.72779846191406,43.22489929199219,43.36090087890625,43.24850082397461,1572477.0,36.28384780883789
2017-06-23,43.30179977416992,42.325401306152344,43.1953010559082,42.721900939941406,1662544.0,35.8420524597168
2017-06-26,43.076900482177734,42.60350036621094,42.60350036621094,42.970401763916016,1008693.0,36.050537109375
2017-06-27,43.284000396728516,42.84619903564453,42.84619903564453,43.02370071411133,766323.0,36.09524917602539
2017-06-28,42.99409866333008,42.20119857788086,42.8401985168457,42.2130012512207,1412182.0,35.41510009765625
2017-06-29,42.420101165771484,42.0177001953125,42.2130012512207,42.1775016784668,1498473.0,35.38532257080078
2017-06-30,42.53850173950195,41.923099517822266,42.16569900512695,42.390499114990234,1182087.0,35.56401824951172
2017-07-03,43.047298431396484,42.36690139770508,42.41419982910156,43.01179885864258,1599262.0,36.085262298583984
2017-07-04,43.372798919677734,42.81660079956055,43.065101623535156,43.278099060058594,1635372.0,36.30868148803711
2017-07-05,43.30179977416992,42.923099517822266,43.284000396728516,43.171600341796875,1059095.0,36.21933364868164
2017-07-06,43.40829849243164,42.8401985168457,43.18939971923828,42.94670104980469,1305682.0,36.0306510925293
2017-07-07,43.55030059814453,42.81660079956055,42.92900085449219,43.45560073852539,2043987.0,36.45759582519531
2017-07-10,43.307701110839844,42.532501220703125,43.307701110839844,42.56800079345703,1855293.0,35.71293640136719
2017-07-11,42.77510070800781,42.0177001953125,42.3135986328125,42.065101623535156,1537093.0,35.29102325439453
2017-07-12,42.85210037231445,42.20709991455078,42.307701110839844,42.66270065307617,1652120.0,35.792381286621094
2017-07-13,43.01179885864258,42.650901794433594,42.66270065307617,42.85210037231445,1289098.0,35.95128631591797
2017-07-14,42.875701904296875,42.609500885009766,42.858001708984375,42.81060028076172,877010.0,35.91646957397461
2017-07-17,42.95859909057617,40.53850173950195,42.95859909057617,40.86389923095703,3151363.0,34.28325653076172
2017-07-18,39.934898376464844,39.059200286865234,39.88169860839844,39.61539840698242,1982346.0,34.60250473022461
2017-07-19,40.55619812011719,39.28990173339844,39.61539840698242,40.41419982910156,1655949.0,35.300228118896484
2017-07-20,40.66859817504883,40.124298095703125,40.236698150634766,40.15380096435547,1140822.0,35.07278060913086
2017-07-21,40.307701110839844,39.5265998840332,40.21889877319336,39.55619812011719,1193944.0,34.55080032348633
2017-07-24,39.23080062866211,38.674598693847656,39.23080062866211,39.2130012512207,2073543.0,34.25102996826172
2017-07-25,39.372798919677734,38.94670104980469,39.24259948730469,39.28990173339844,1150746.0,34.318199157714844
2017-07-26,39.349098205566406,38.99409866333008,39.349098205566406,39.01179885864258,1155015.0,34.075286865234375
2017-07-27,39.934898376464844,38.88169860839844,38.964500427246094,39.692298889160156,1863005.0,34.669677734375
2017-07-28,39.940799713134766,39.53850173950195,39.61539840698242,39.55619812011719,1015155.0,34.55080032348633
2017-07-31,39.79290008544922,39.349098205566406,39.55619812011719,39.58580017089844,1065308.0,34.576656341552734
2017-08-01,40.04140090942383,39.47930145263672,39.532501220703125,39.88759994506836,1409803.0,34.84026336669922
2017-08-02,39.89939880371094,39.266300201416016,39.89939880371094,39.31949996948242,1205483.0,34.344051361083984
2017-08-03,39.64500045776367,39.1775016784668,39.31949996948242,39.50299835205078,1135200.0,34.50433349609375
2017-08-04,39.61539840698242,39.09469985961914,39.4911003112793,39.11240005493164,1259467.0,34.16315841674805
2017-08-07,39.75149917602539,39.059200286865234,39.11240005493164,39.61539840698242,1278542.0,34.60250473022461
2017-08-08,39.609500885009766,39.2958984375,39.5265998840332,39.46149826049805,898731.0,34.46807861328125
2017-08-09,39.75740051269531,39.467498779296875,39.467498779296875,39.597599029541016,980069.0,34.58695983886719
2017-08-10,39.733699798583984,39.05329895019531,39.64500045776367,39.18939971923828,1208050.0,34.230411529541016
2017-08-11,39.16569900512695,38.828399658203125,39.059200286865234,38.85210037231445,1083531.0,33.935794830322266
2017-08-14,39.38460159301758,38.89350128173828,38.89350128173828,39.38460159301758,1092209.0,34.40091323852539
2017-08-15,39.57400131225586,39.27220153808594,39.349098205566406,39.43790054321289,985687.0,34.447471618652344
2017-08-16,39.92900085449219,39.28990173339844,39.43199920654297,39.81060028076172,1738313.0,34.773006439208984
2017-08-17,40.91120147705078,39.745601654052734,39.8401985168457,40.8046989440918,3651486.0,35.64131546020508
2017-08-18,40.79880142211914,40.1953010559082,40.532501220703125,40.284000396728516,2045505.0,35.18650436401367
2017-08-21,40.68050003051758,40.23080062866211,40.307701110839844,40.56800079345703,1418765.0,35.4345703125
2017-08-22,40.597599029541016,40.236698150634766,40.56800079345703,40.284000396728516,1329935.0,35.18650436401367
2017-08-23,40.42599868774414,39.95859909057617,40.24850082397461,40.278099060058594,1258669.0,35.18135070800781
2017-08-24,40.50299835205078,40.047298431396484,40.24259948730469,40.11830139160156,1311761.0,35.04177474975586
2017-08-25,40.5265998840332,40.065101623535156,40.065101623535156,40.41419982910156,1125485.0,35.300228118896484
2017-08-28,41.278099060058594,40.236698150634766,40.46149826049805,41.04140090942383,2741130.0,35.84806823730469
2017-08-29,41.390499114990234,40.745601654052734,41.05329895019531,41.10649871826172,2321688.0,35.90492630004883
2017-08-30,41.27220153808594,40.88759994506836,41.11830139160156,40.91120147705078,1661472.0,35.73434066772461
2017-08-31,41.28990173339844,40.858001708984375,40.88759994506836,41.1775016784668,1808521.0,35.966941833496094
2017-09-01,42.715999603271484,41.05329895019531,41.18339920043945,42.22489929199219,4758884.0,36.881805419921875
2017-09-04,42.485198974609375,41.75149917602539,42.13019943237305,42.141998291015625,2193028.0,36.80939483642578
2017-09-05,42.13610076904297,41.75740051269531,42.13610076904297,41.858001708984375,1313658.0,36.561336517333984
2017-09-06,41.83430099487305,41.44969940185547,41.83430099487305,41.56800079345703,1501654.0,36.30802917480469
2017-09-07,41.982200622558594,41.54439926147461,41.57400131225586,41.650901794433594,1664185.0,36.38043975830078
2017-09-08,41.90530014038086,41.47930145263672,41.579898834228516,41.66270065307617,1226378.0,36.3907470703125
2017-09-11,41.89350128173828,41.420101165771484,41.53850173950195,41.79880142211914,1103799.0,36.50962448120117
2017-09-12,41.81660079956055,41.13019943237305,41.763301849365234,41.278099060058594,2714265.0,36.054813385009766
2017-09-13,41.35499954223633,41.05329895019531,41.35499954223633,41.14789962768555,1129290.0,35.94108963012695
2017-09-14,41.5088996887207,41.059200286865234,41.13019943237305,41.124298095703125,1539840.0,35.92047119140625
2017-09-15,41.20119857788086,40.89350128173828,41.00590133666992,41.047298431396484,1115844.0,35.853214263916016
2017-09-18,41.402400970458984,41.0177001953125,41.124298095703125,41.16569900512695,883824.0,35.956634521484375
2017-09-19,41.33729934692383,41.01179885864258,41.16569900512695,41.09469985961914,930838.0,35.89461898803711
2017-09-20,41.69820022583008,40.97629928588867,41.09469985961914,41.621299743652344,1864605.0,36.354583740234375
2017-09-21,41.88169860839844,41.18939971923828,41.43790054321289,41.20709991455078,1569584.0,35.992794036865234
2017-09-22,41.6864013671875,41.10060119628906,41.36090087890625,41.378700256347656,1273791.0,36.14268493652344
2017-09-25,41.35499954223633,41.01179885864258,41.27220153808594,41.0177001953125,1154477.0,35.82736587524414
2017-09-26,41.09469985961914,39.99409866333008,41.0,40.11240005493164,1982511.0,35.03662109375
2017-09-27,40.23080062866211,39.940799713134766,40.14789962768555,40.02370071411133,1179809.0,34.959144592285156
2017-09-28,40.33140182495117,39.97629928588867,40.082801818847656,39.99409866333008,870699.0,34.93328857421875
2017-09-29,40.21889877319336,40.0,40.14789962768555,40.09469985961914,863546.0,35.021156311035156
2017-10-09,40.79880142211914,40.2130012512207,40.35499954223633,40.63309860229492,1372149.0,35.49142837524414
2017-10-10,41.715999603271484,40.14789962768555,40.14789962768555,41.4911003112793,2944206.0,36.24085998535156
2017-10-11,41.66859817504883,41.08879852294922,41.650901794433594,41.27220153808594,1974116.0,36.049659729003906
2017-10-12,41.532501220703125,40.71009826660156,41.27220153808594,40.94670104980469,1433092.0,35.76534652709961
2017-10-13,42.38460159301758,40.83430099487305,40.86389923095703,41.99409866333008,3301415.0,36.680206298828125
2017-10-16,42.07099914550781,41.00590133666992,42.01179885864258,41.124298095703125,2079122.0,35.92047119140625
2017-10-17,41.420101165771484,40.84619903564453,41.11240005493164,41.20709991455078,1180296.0,35.992794036865234
2017-10-18,42.00590133666992,41.04140090942383,41.27220153808594,41.420101165771484,2641809.0,36.1788444519043
2017-10-19,43.1953010559082,41.27220153808594,41.30179977416992,42.763301849365234,7266236.0,37.35207748413086
2017-10-20,42.63909912109375,41.875701904296875,42.39649963378906,42.59170150756836,3277111.0,37.20219421386719
2017-10-23,42.95859909057617,42.284000396728516,42.28990173339844,42.8224983215332,3284842.0,37.403785705566406
2017-10-24,42.85210037231445,42.0,42.85210037231445,42.33140182495117,2517327.0,36.974830627441406
2017-10-25,44.278099060058594,42.02370071411133,42.284000396728516,43.970401763916016,5939503.0,38.40643310546875
2017-10-26,44.082801818847656,43.18939971923828,43.1953010559082,43.349098205566406,5752242.0,37.863746643066406
2017-10-27,44.8401985168457,43.4911003112793,43.4911003112793,44.076900482177734,5733505.0,38.49945831298828
2017-10-30,44.260398864746094,42.627201080322266,44.082801818847656,43.1598014831543,4422265.0,37.69840621948242
2017-10-31,43.44969940185547,42.42599868774414,43.30179977416992,43.42599868774414,2954767.0,37.93091583251953
2017-11-01,43.254398345947266,42.3135986328125,43.254398345947266,42.31949996948242,3491693.0,36.96443557739258
2017-11-02,43.082801818847656,42.18939971923828,42.307701110839844,42.763301849365234,3082036.0,37.35207748413086
2017-11-03,42.763301849365234,41.532501220703125,42.485198974609375,41.60350036621094,2902771.0,36.33903503417969
2017-11-06,42.23080062866211,41.284000396728516,41.66270065307617,42.20119857788086,2761456.0,36.86110305786133
2017-11-07,42.22489929199219,41.621299743652344,42.18339920043945,41.964500427246094,1943243.0,36.65435791015625
2017-11-08,42.828399658203125,41.83430099487305,42.01179885864258,42.39649963378906,2773127.0,37.03169250488281
2017-11-09,42.420101165771484,42.07099914550781,42.35499954223633,42.260398864746094,1736299.0,36.912811279296875
2017-11-10,42.236698150634766,41.52069854736328,42.236698150634766,41.54439926147461,2938452.0,36.28741455078125
2017-11-13,41.828399658203125,41.420101165771484,41.53850173950195,41.76919937133789,2143310.0,36.483768463134766
2017-11-14,41.76919937133789,40.254398345947266,41.76919937133789,40.43790054321289,4123439.0,35.32093048095703
2017-11-15,40.46149826049805,39.44380187988281,40.372798919677734,39.4911003112793,3090781.0,34.49393844604492
2017-11-16,39.83430099487305,38.86389923095703,39.16569900512695,38.88759994506836,3223487.0,33.96680450439453
2017-11-17,38.75149917602539,35.50299835205078,38.75149917602539,35.745601654052734,7727866.0,31.22239112854004
2017-11-20,34.64500045776367,32.260398864746094,32.260398864746094,34.04140090942383,13624607.0,29.733837127685547
2017-11-21,34.082801818847656,33.18339920043945,33.378700256347656,33.650901794433594,7674092.0,29.392751693725586
2017-11-22,33.923099517822266,33.325401306152344,33.674598693847656,33.59170150756836,4452582.0,29.34104347229004
2017-11-23,33.66859817504883,32.75740051269531,33.66270065307617,32.79290008544922,4686055.0,28.643320083618164
2017-11-24,33.44380187988281,32.59170150756836,32.733699798583984,33.13019943237305,3597597.0,28.937938690185547
2017-11-27,33.065101623535156,32.42599868774414,33.065101623535156,32.4911003112793,3327106.0,28.379711151123047
2017-11-28,32.828399658203125,32.43790054321289,32.5265998840332,32.63909912109375,3395931.0,28.508981704711914
2017-11-29,32.66270065307617,31.781099319458008,32.66270065307617,32.065101623535156,5698636.0,28.007617950439453
2017-11-30,33.36090087890625,31.781099319458008,31.90530014038086,32.34320068359375,8270871.0,28.250526428222656
2017-12-01,32.63309860229492,31.98819923400879,32.21889877319336,32.23080062866211,4580079.0,28.152347564697266
2017-12-04,32.22489929199219,30.816600799560547,32.22489929199219,30.840200424194336,7584459.0,26.937713623046875
2017-12-05,31.023700714111328,30.384599685668945,30.76919937133789,30.496999740600586,4127280.0,26.637941360473633
2017-12-06,31.065099716186523,30.378700256347656,30.414199829101562,30.976299285888672,3987715.0,27.056591033935547
2017-12-07,31.059200286865234,30.816600799560547,31.041400909423828,30.88170051574707,2550155.0,26.973962783813477
2017-12-08,31.42009925842285,30.869800567626953,30.88170051574707,31.24850082397461,3794257.0,27.294347763061523
2017-12-11,31.645000457763672,31.01180076599121,31.147899627685547,31.491100311279297,5020548.0,27.506250381469727
2017-12-12,31.42009925842285,30.59760093688965,31.42009925842285,30.65089988708496,3965105.0,26.772367477416992
2017-12-13,30.917200088500977,30.491100311279297,30.591699600219727,30.89940071105957,2129180.0,26.989421844482422
2017-12-14,30.828399658203125,30.354999542236328,30.828399658203125,30.603500366210938,3067637.0,26.73096466064453
2017-12-15,30.698200225830078,30.366899490356445,30.520700454711914,30.59760093688965,1840523.0,26.725812911987305
2017-12-18,30.923099517822266,30.479299545288086,30.603500366210938,30.781099319458008,2088733.0,26.886091232299805
2017-12-19,30.869800567626953,30.65089988708496,30.781099319458008,30.7632999420166,2066706.0,26.87054443359375
2017-12-20,30.828399658203125,29.828399658203125,30.757400512695312,29.857999801635742,3482909.0,26.07979965209961
2017-12-21,30.295900344848633,29.609500885009766,29.88759994506836,30.08880043029785,3107610.0,26.281394958496094
2017-12-22,30.75149917602539,29.88170051574707,30.0,30.46150016784668,3065521.0,26.60693359375
2017-12-25,30.384599685668945,29.645000457763672,30.177499771118164,29.970399856567383,2830243.0,26.177976608276367
2017-12-26,31.00589942932129,29.822500228881836,29.929000854492188,30.698200225830078,4150313.0,26.813682556152344
2017-12-27,30.710100173950195,29.976299285888672,30.680500030517578,30.065099716186523,4999259.0,26.260692596435547
2017-12-28,30.295900344848633,29.704099655151367,29.88170051574707,29.946699142456055,4381193.0,26.157276153564453
2017-12-29,30.177499771118164,29.828399658203125,29.940799713134766,30.09469985961914,2354413.0,26.286548614501953
2018-01-02,30.44969940185547,29.946699142456055,29.976299285888672,30.337299346923828,3722137.0,26.498449325561523
2018-01-03,31.065099716186523,30.11240005493164,30.177499771118164,30.976299285888672,5754749.0,27.056591033935547
2018-01-04,31.2367000579834,30.715999603271484,31.23080062866211,30.78700065612793,4145916.0,26.891246795654297
2018-01-05,30.976299285888672,30.56800079345703,30.828399658203125,30.828399658203125,3638463.0,26.927406311035156
2018-01-08,30.929000854492188,30.710100173950195,30.76919937133789,30.846200942993164,3927105.0,26.942955017089844
2018-01-09,31.218900680541992,30.621299743652344,30.86389923095703,31.01180076599121,6691539.0,27.087600708007812
2018-01-10,30.99410057067871,30.19529914855957,30.99410057067871,30.467500686645508,4797850.0,26.61217498779297
2018-01-11,30.520700454711914,30.124300003051758,30.408300399780273,30.496999740600586,3552398.0,26.637941360473633
2018-01-12,30.467500686645508,30.13610076904297,30.408300399780273,30.183399200439453,3455250.0,26.364023208618164
2018-01-15,30.23080062866211,29.284000396728516,30.218900680541992,29.372800827026367,4944297.0,25.65599822998047
2018-01-16,29.55030059814453,29.076900482177734,29.390499114990234,29.272199630737305,3398921.0,25.568124771118164
2018-01-17,29.79290008544922,29.177499771118164,29.479299545288086,29.704099655151367,4541613.0,25.94537353515625
2018-01-18,29.75149917602539,29.526599884033203,29.680500030517578,29.573999404907227,2605180.0,25.831735610961914
2018-01-19,31.952699661254883,30.55620002746582,31.952699661254883,30.715999603271484,16690947.0,26.8292293548584
2018-01-22,30.57990074157715,29.89349937438965,30.57990074157715,30.11240005493164,9966913.0,26.3020076751709
2018-01-23,30.32539939880371,29.976299285888672,30.224899291992188,30.11240005493164,6057487.0,26.3020076751709
2018-01-24,30.2367000579834,29.822500228881836,30.177499771118164,30.124300003051758,5879736.0,26.312402725219727
2018-01-25,30.408300399780273,29.852100372314453,30.029600143432617,29.875699996948242,8128856.0,26.095260620117188
2018-01-26,30.017799377441406,29.733699798583984,29.875699996948242,29.875699996948242,4297528.0,26.095260620117188
2018-01-29,30.11240005493164,29.485200881958008,29.99410057067871,29.56800079345703,4977766.0,25.826496124267578
2018-01-30,29.834299087524414,29.42009925842285,29.55620002746582,29.65089988708496,4188485.0,25.898906707763672
2018-01-31,29.633100509643555,29.09469985961914,29.633100509643555,29.201200485229492,4391077.0,25.50611114501953
2018-02-01,29.354999542236328,28.11240005493164,29.260400772094727,28.130199432373047,5762355.0,24.570634841918945
2018-02-02,28.40239906311035,27.63909912109375,28.13610076904297,28.10650062561035,3262622.0,24.54993438720703
2018-02-05,29.289899826049805,27.662700653076172,27.81060028076172,28.822500228881836,4855370.0,25.175331115722656
2018-02-06,28.55620002746582,27.662700653076172,28.40239906311035,27.680500030517578,4491355.0,24.177839279174805
2018-02-07,28.34320068359375,27.67460060119629,28.10650062561035,28.0,4819917.0,24.4569091796875
2018-02-08,28.627199172973633,28.053300857543945,28.053300857543945,28.24850082397461,3532084.0,24.673965454101562
2018-02-09,27.76919937133789,26.80470085144043,27.7632999420166,27.09469985961914,5205580.0,23.66616439819336
2018-02-12,27.721900939941406,27.278099060058594,27.284000396728516,27.508899688720703,3406233.0,24.027952194213867
2018-02-13,29.467500686645508,27.680500030517578,27.686399459838867,28.710100173950195,7335113.0,25.0771541595459
2018-02-14,30.177499771118164,28.585800170898438,28.840200424194336,30.177499771118164,11484464.0,26.358871459960938
2018-02-22,30.171600341796875,29.704099655151367,30.171600341796875,30.053300857543945,8201478.0,26.25038719177246
2018-02-23,29.940799713134766,29.319499969482422,29.940799713134766,29.473400115966797,7949746.0,25.743867874145508
2018-02-26,30.177499771118164,29.40239906311035,29.67460060119629,30.023700714111328,8537449.0,26.224533081054688
2018-02-27,30.023700714111328,29.59760093688965,30.017799377441406,29.63909912109375,6236699.0,25.88859748840332
2018-02-28,29.86389923095703,29.301799774169922,29.408300399780273,29.514799118041992,5120738.0,25.780027389526367
2018-03-01,29.81060028076172,29.337299346923828,29.408300399780273,29.733699798583984,5162143.0,25.971229553222656
2018-03-02,29.940799713134766,29.384599685668945,29.526599884033203,29.828399658203125,5519543.0,26.053945541381836
2018-03-05,30.757400512695312,29.822500228881836,29.828399658203125,30.526599884033203,9794013.0,26.66379737854004
2018-03-06,30.7632999420166,30.301799774169922,30.532499313354492,30.45560073852539,7611645.0,26.601781845092773
2018-03-07,30.727800369262695,29.822500228881836,30.414199829101562,29.834299087524414,8834025.0,26.059097290039062
2018-03-08,30.34910011291504,29.621299743652344,29.88170051574707,30.21299934387207,7355660.0,26.389877319335938
2018-03-09,31.065099716186523,30.177499771118164,30.33139991760254,30.982200622558594,10841108.0,27.061744689941406
2018-03-12,31.53849983215332,30.822500228881836,31.11829948425293,31.266300201416016,8996490.0,27.309894561767578
2018-03-13,31.183399200439453,30.645000457763672,31.076900482177734,30.65089988708496,6504134.0,26.772367477416992
2018-03-14,31.532499313354492,30.485200881958008,30.585800170898438,31.319499969482422,8708047.0,27.35636329650879
2018-03-15,31.828399658203125,30.80470085144043,31.36090087890625,31.153799057006836,9844735.0,27.21162986755371
2018-03-16,31.20709991455078,30.65089988708496,31.035499572753906,30.680500030517578,5999562.0,26.798221588134766
2018-03-19,31.11240005493164,30.40239906311035,30.591699600219727,30.923099517822266,5153482.0,27.010122299194336
2018-03-20,32.09469985961914,30.56800079345703,30.710100173950195,32.00590133666992,16463878.0,27.955907821655273
2018-03-21,31.952699661254883,31.366899490356445,31.89940071105957,31.384599685668945,10581696.0,27.413225173950195
2018-03-22,31.834299087524414,30.934900283813477,31.520700454711914,31.23080062866211,8071842.0,27.278888702392578
2018-03-23,30.91119956970215,28.414199829101562,30.532499313354492,29.289899826049805,12733705.0,25.583585739135742
2018-03-26,29.86389923095703,28.63909912109375,28.78700065612793,29.757400512695312,6305736.0,25.99193000793457
2018-03-27,30.680500030517578,30.01180076599121,30.029600143432617,30.354999542236328,7481515.0,26.5139102935791
2018-03-28,30.698200225830078,29.89349937438965,30.10059928894043,29.98819923400879,6205007.0,26.193523406982422
2018-03-29,30.414199829101562,30.00589942932129,30.08880043029785,30.218900680541992,5048673.0,26.39503288269043
2018-03-30,30.75149917602539,30.218900680541992,30.354999542236328,30.645000457763672,6378548.0,26.767213821411133
2018-04-02,31.65089988708496,30.90530014038086,30.976299285888672,30.923099517822266,9102524.0,27.010122299194336
2018-04-03,30.526599884033203,29.976299285888672,30.526599884033203,30.153799057006836,6902803.0,26.33816909790039
2018-04-04,31.319499969482422,30.479299545288086,30.532499313354492,30.54439926147461,9614232.0,26.67934226989746
2018-04-09,30.727800369262695,29.929000854492188,30.46150016784668,30.2544002532959,6411903.0,26.42603874206543
2018-04-10,30.384599685668945,29.7632999420166,30.177499771118164,30.159799575805664,7080442.0,26.34341049194336
2018-04-11,30.32539939880371,29.970399856567383,30.177499771118164,30.2367000579834,5857376.0,26.410579681396484
2018-04-12,30.147899627685547,29.7632999420166,30.11829948425293,29.78700065612793,5555771.0,26.017784118652344
2018-04-13,30.11240005493164,29.378700256347656,29.822500228881836,29.384599685668945,6817453.0,25.666303634643555
2018-04-16,29.53849983215332,28.757400512695312,29.34910011291504,28.88759994506836,5432663.0,25.232192993164062
2018-04-17,29.065099716186523,28.34320068359375,28.89349937438965,28.36090087890625,5090019.0,24.77214241027832
2018-04-18,28.7632999420166,27.875699996948242,28.520700454711914,28.67460060119629,4898779.0,25.046146392822266
2018-04-19,28.869800567626953,28.520700454711914,28.63909912109375,28.80470085144043,3555636.0,25.1597843170166
2018-04-20,28.80470085144043,28.10650062561035,28.757400512695312,28.183399200439453,3510520.0,24.617101669311523
2018-04-23,28.337299346923828,27.67460060119629,28.142000198364258,27.89349937438965,3368489.0,24.3638858795166
2018-04-24,28.7455997467041,27.934900283813477,28.0,28.66860008239746,3992261.0,25.040904998779297
2018-04-25,28.86389923095703,28.46150016784668,28.467500686645508,28.781099319458008,3408307.0,25.13916778564453
2018-04-26,28.929000854492188,28.09469985961914,28.733699798583984,28.10059928894043,3356262.0,24.54477882385254
2018-04-27,29.573999404907227,28.153799057006836,28.19529914855957,29.514799118041992,8319268.0,25.780027389526367
2018-05-02,29.378700256347656,28.828399658203125,29.047300338745117,29.13610076904297,6028243.0,25.449249267578125
2018-05-03,29.130199432373047,28.171600341796875,29.09469985961914,28.79290008544922,5516344.0,25.149477005004883
2018-05-04,29.047300338745117,28.46150016784668,28.573999404907227,28.846200942993164,4462450.0,25.19603157043457
2018-05-07,29.42009925842285,28.923099517822266,28.923099517822266,29.32539939880371,4952597.0,25.614595413208008
2018-05-08,30.053300857543945,29.183399200439453,29.32539939880371,29.69230079650879,7692406.0,25.935068130493164
2018-05-09,30.159799575805664,29.603500366210938,29.69230079650879,29.79290008544922,5473365.0,26.022937774658203
2018-05-10,29.90530014038086,29.526599884033203,29.88170051574707,29.88170051574707,5296720.0,26.100502014160156
2018-05-11,30.165700912475586,29.44379997253418,30.165700912475586,29.54439926147461,5196074.0,25.805883407592773
2018-05-14,29.508899688720703,28.99410057067871,29.378700256347656,29.46150016784668,4559369.0,25.73347282409668
2018-05-15,30.44379997253418,29.775100708007812,30.165700912475586,29.952699661254883,10525794.0,26.162517547607422
2018-05-16,32.94670104980469,29.76919937133789,29.822500228881836,32.579898834228516,54620646.0,28.457273483276367
2018-05-17,32.40829849243164,31.53849983215332,32.236698150634766,31.982200622558594,27478081.0,27.93520736694336
2018-05-18,32.065101623535156,31.272199630737305,31.952699661254883,31.65679931640625,19674663.0,27.650981903076172
2018-05-21,31.929000854492188,31.53849983215332,31.7455997467041,31.828399658203125,17359292.0,27.800867080688477
2018-05-22,31.775100708007812,31.065099716186523,31.775100708007812,31.44379997253418,15195160.0,27.464935302734375
2018-05-23,32.46149826049805,31.19529914855957,31.242599487304688,31.59760093688965,25456458.0,27.599273681640625
2018-05-24,32.10060119628906,31.408300399780273,31.485200881958008,31.603500366210938,14238417.0,27.60442543029785
2018-05-25,32.858001708984375,31.491100311279297,31.491100311279297,32.49700164794922,26796465.0,28.384864807128906
2018-05-28,33.50299835205078,32.45560073852539,32.46149826049805,33.38460159301758,26383516.0,29.16014862060547
2018-05-29,33.485198974609375,31.289899826049805,33.1953010559082,31.34320068359375,27164657.0,27.377065658569336
2018-05-30,30.90530014038086,29.89349937438965,30.76919937133789,30.13610076904297,20167814.0,26.322710037231445
2018-05-31,31.508899688720703,30.514799118041992,30.520700454711914,31.384599685668945,18103712.0,27.413225173950195
2018-06-01,31.715999603271484,30.426000595092773,31.2367000579834,30.828399658203125,15210290.0,26.927406311035156
2018-06-04,31.33139991760254,30.467500686645508,31.21299934387207,30.53849983215332,9609269.0,26.6741886138916
2018-06-05,31.295900344848633,30.621299743652344,30.710100173950195,31.242599487304688,11119128.0,27.28919219970703
2018-06-06,31.23080062866211,30.79290008544922,31.177499771118164,31.035499572753906,8036201.0,27.108299255371094
2018-06-07,31.34320068359375,30.857999801635742,31.124300003051758,30.934900283813477,8328649.0,27.020431518554688
2018-06-08,30.828399658203125,30.177499771118164,30.715999603271484,30.33139991760254,11462242.0,26.493295669555664
2018-06-11,30.11829948425293,29.289899826049805,30.11829948425293,29.34910011291504,11089159.0,25.635295867919922
2018-06-12,29.75149917602539,29.070999145507812,29.396400451660156,29.66860008239746,6607372.0,25.91436767578125
2018-06-13,29.627199172973633,28.81060028076172,29.627199172973633,28.89940071105957,7538245.0,25.242502212524414
2018-06-14,29.165700912475586,28.609500885009766,28.739599227905273,28.929000854492188,4484922.0,25.268354415893555
2018-06-15,29.142000198364258,28.224899291992188,28.929000854492188,28.46150016784668,5920915.0,24.86001205444336
2018-06-19,28.260400772094727,25.621299743652344,28.0,26.047300338745117,11902298.0,22.75130271911621
2018-06-20,26.627199172973633,26.047300338745117,26.053300857543945,26.266300201416016,8552888.0,22.942590713500977
2018-06-21,26.615400314331055,25.337299346923828,26.319499969482422,25.426000595092773,8573055.0,22.208621978759766
2018-06-22,25.90530014038086,24.98819923400879,25.218900680541992,25.88170051574707,5557248.0,22.606658935546875
2018-06-25,26.201200485229492,25.591699600219727,26.09469985961914,25.63909912109375,4893185.0,22.39475440979004
2018-06-26,25.798799514770508,25.177499771118164,25.33139991760254,25.698200225830078,5993735.0,22.44637680053711
2018-06-27,25.90530014038086,25.23080062866211,25.739599227905273,25.366899490356445,6363127.0,22.156999588012695
2018-06-28,25.55030059814453,24.67460060119629,25.384599685668945,24.781099319458008,6553421.0,21.64532470703125
2018-06-29,25.354999542236328,24.733699798583984,24.79290008544922,25.319499969482422,9187024.0,22.115596771240234
2018-07-02,25.526599884033203,24.704099655151367,25.2544002532959,24.869800567626953,7217885.0,21.722803115844727
2018-07-03,25.727800369262695,24.828399658203125,25.017799377441406,25.704099655151367,8465253.0,22.45153045654297
2018-07-04,25.55620002746582,25.065099716186523,25.55620002746582,25.159799575805664,6199977.0,21.976104736328125
2018-07-05,25.19529914855957,24.698200225830078,25.11829948425293,24.739599227905273,4870115.0,21.60907745361328
2018-07-06,25.19529914855957,24.08880043029785,24.733699798583984,24.90530014038086,6197993.0,21.753808975219727
2018-07-09,25.514799118041992,24.852100372314453,24.90530014038086,25.44969940185547,5740042.0,22.22932243347168
2018-07-10,25.698200225830078,25.272199630737305,25.520700454711914,25.686399459838867,5675756.0,22.43606948852539
2018-07-11,25.32539939880371,24.78700065612793,25.32539939880371,25.065099716186523,6033976.0,21.893388748168945
2018-07-12,25.7455997467041,24.958599090576172,25.029600143432617,25.67460060119629,7328235.0,22.425764083862305
2018-07-13,26.88759994506836,25.781099319458008,25.828399658203125,26.295900344848633,9718008.0,22.96844482421875
2018-07-16,26.615400314331055,26.124300003051758,26.21299934387207,26.426000595092773,5660791.0,23.082082748413086
2018-07-17,26.467500686645508,25.857999801635742,26.378700256347656,26.242599487304688,5194130.0,22.92188835144043
2018-07-18,26.43199920654297,26.023700714111328,26.242599487304688,26.029600143432617,3950866.0,22.735841751098633
2018-07-19,26.201200485229492,25.798799514770508,25.970399856567383,25.89940071105957,3121173.0,22.62211799621582
2018-07-20,26.23080062866211,25.520700454711914,25.710100173950195,26.147899627685547,4342382.0,22.83917236328125
2018-07-23,25.479299545288086,24.67460060119629,25.44379997253418,24.99410057067871,12644338.0,21.83137321472168
2018-07-24,25.408300399780273,24.75149917602539,24.79290008544922,25.384599685668945,8768497.0,22.172460556030273
2018-07-25,25.485200881958008,25.20709991455078,25.32539939880371,25.301799774169922,5717842.0,22.10013771057129
2018-07-26,25.662700653076172,25.319499969482422,25.337299346923828,25.43199920654297,5133716.0,22.2138614654541
2018-07-27,25.43199920654297,25.159799575805664,25.32539939880371,25.2544002532959,3085368.0,22.058734893798828
2018-07-30,25.354999542236328,24.733699798583984,25.201200485229492,24.857999801635742,5526930.0,21.712493896484375
2018-07-31,24.952699661254883,24.615400314331055,24.781099319458008,24.88170051574707,2653004.0,21.733196258544922
2018-08-01,24.970399856567383,24.34320068359375,24.86389923095703,24.354999542236328,4446597.0,21.273143768310547
2018-08-02,24.260400772094727,23.017799377441406,24.2544002532959,23.467500686645508,7736750.0,20.497947692871094
2018-08-03,23.55030059814453,23.08880043029785,23.45560073852539,23.10650062561035,3131544.0,20.182628631591797
2018-08-06,23.023700714111328,22.189300537109375,23.023700714111328,22.313600540161133,6298303.0,19.490060806274414
2018-08-07,22.75149917602539,22.218900680541992,22.354999542236328,22.7455997467041,4568881.0,19.867395401000977
2018-08-08,22.721900939941406,22.301799774169922,22.662700653076172,22.30769920349121,3941071.0,19.484905242919922
2018-08-09,22.929000854492188,22.017799377441406,22.13610076904297,22.781099319458008,5671095.0,19.89840316772461
2018-08-10,24.396400451660156,23.082799911499023,23.34320068359375,23.970399856567383,10586329.0,20.937211990356445
2018-08-13,24.142000198364258,23.55620002746582,23.603500366210938,24.10650062561035,5723328.0,21.056089401245117
2018-08-14,24.183399200439453,23.88170051574707,24.183399200439453,23.958599090576172,3643038.0,20.926902770996094
2018-08-15,24.142000198364258,23.54439926147461,24.065099716186523,23.633100509643555,5101428.0,20.64259147644043
2018-08-16,23.65679931640625,23.017799377441406,23.076900482177734,23.372800827026367,6515663.0,20.415231704711914
2018-08-17,22.507699966430664,21.438499450683594,22.346200942993164,21.453800201416016,4575855.0,19.790300369262695
2018-08-20,21.60770034790039,20.630800247192383,21.407699584960938,21.03849983215332,6280807.0,19.407201766967773
2018-08-21,21.453800201416016,20.976900100708008,21.03849983215332,21.261499404907227,4026425.0,19.6129093170166
2018-08-22,21.369199752807617,20.761499404907227,21.369199752807617,20.96150016784668,3502661.0,19.336172103881836
2018-08-23,21.253799438476562,20.846200942993164,20.846200942993164,21.12310028076172,2964813.0,19.48524284362793
2018-08-24,21.10770034790039,20.792299270629883,21.10770034790039,20.938499450683594,3289332.0,19.31495475769043
2018-08-27,21.446199417114258,20.9153995513916,20.9153995513916,21.369199752807617,4353089.0,19.71225929260254
2018-08-28,21.738500595092773,21.253799438476562,21.476900100708008,21.438499450683594,6709417.0,19.776185989379883
2018-08-29,21.423099517822266,21.0846004486084,21.4153995513916,21.161500930786133,5093821.0,19.52066421508789
2018-08-30,21.253799438476562,20.976900100708008,21.076900482177734,20.984600067138672,3011388.0,19.357481002807617
2018-08-31,21.03849983215332,20.73080062866211,20.984600067138672,20.761499404907227,3461984.0,19.15167999267578
2018-09-03,21.015399932861328,20.638500213623047,20.638500213623047,20.946199417114258,2836007.0,19.322057723999023
2018-09-04,21.200000762939453,20.869199752807617,20.907699584960938,21.153799057006836,3485300.0,19.513561248779297
2018-09-05,21.138500213623047,20.792299270629883,21.138500213623047,20.799999237060547,3713947.0,19.187192916870117
2018-09-06,20.976900100708008,20.600000381469727,20.76919937133789,20.630800247192383,3587795.0,19.03111457824707
2018-09-07,20.96150016784668,20.638500213623047,20.684600830078125,20.761499404907227,2832668.0,19.15167999267578
2018-09-10,20.899999618530273,20.453800201416016,20.746200561523438,20.46150016784668,2766806.0,18.874940872192383
2018-09-11,21.053800582885742,20.5,20.507699966430664,20.9153995513916,4671784.0,19.29364585876465
2018-09-12,20.984600067138672,20.67690086364746,20.76919937133789,20.73080062866211,3316586.0,19.123361587524414
2018-09-13,20.89229965209961,20.515399932861328,20.861499786376953,20.869199752807617,4175750.0,19.251028060913086
2018-09-14,20.953800201416016,20.738500595092773,20.899999618530273,20.830799102783203,3508866.0,19.215604782104492
2018-09-17,20.80769920349121,20.253799438476562,20.80769920349121,20.253799438476562,4129656.0,18.683345794677734
2018-09-18,20.507699966430664,20.0,20.076900482177734,20.476900100708008,4061240.0,18.88914680480957
2018-09-19,20.792299270629883,20.39229965209961,20.469200134277344,20.653799057006836,4675750.0,19.052330017089844
2018-09-20,20.738500595092773,20.561500549316406,20.62310028076172,20.600000381469727,3287910.0,19.002702713012695
2018-09-21,21.0,20.546199798583984,20.700000762939453,20.946199417114258,5336097.0,19.322057723999023
2018-09-25,20.869199752807617,20.507699966430664,20.846200942993164,20.5846004486084,5151433.0,18.988496780395508
2018-09-26,21.053800582885742,20.523099899291992,20.60770034790039,21.0,6816833.0,19.371686935424805
2018-09-27,22.869199752807617,21.96150016784668,22.64620018005371,22.007699966430664,22822273.0,20.301250457763672
2018-09-28,22.592300415039062,21.969200134277344,21.969200134277344,22.37689971923828,11597723.0,20.641822814941406
2018-10-08,21.953800201416016,21.453800201416016,21.953800201416016,21.453800201416016,9016410.0,19.790300369262695
2018-10-09,21.661500930786133,21.21540069580078,21.53849983215332,21.553800582885742,5860973.0,19.882545471191406
2018-10-10,21.76919937133789,21.39229965209961,21.553800582885742,21.5846004486084,4271211.0,19.91095733642578
2018-10-11,20.992300033569336,19.592300415039062,20.938499450683594,19.78459930419922,11680633.0,18.250526428222656
2018-10-12,19.969200134277344,18.80769920349121,19.799999237060547,19.73080062866211,7994398.0,18.200899124145508
2018-10-15,19.830799102783203,19.12310028076172,19.815399169921875,19.169200897216797,5630088.0,17.682846069335938
2018-10-16,19.530799865722656,18.907699584960938,19.338499069213867,19.06920051574707,4037605.0,17.590599060058594
2018-10-17,19.523099899291992,19.03849983215332,19.276899337768555,19.423099517822266,4934833.0,17.917057037353516
2018-10-18,19.35379981994629,18.71540069580078,19.35379981994629,18.78459930419922,4592698.0,17.328065872192383
2018-10-19,19.561500549316406,18.5846004486084,18.615400314331055,19.561500549316406,6392530.0,18.044727325439453
2018-10-22,20.684600830078125,19.700000762939453,19.700000762939453,20.39229965209961,9420274.0,18.811105728149414
2018-10-23,20.923099517822266,20.19230079650879,20.469200134277344,20.292299270629883,8933342.0,18.718860626220703
2018-10-24,20.653799057006836,20.076900482177734,20.246200561523438,20.446199417114258,4977433.0,18.86082649230957
2018-10-25,20.746200561523438,19.753799438476562,19.992300033569336,20.746200561523438,6004724.0,19.13756561279297
2018-10-26,20.946199417114258,20.32309913635254,20.9153995513916,20.53849983215332,6544577.0,18.94597053527832
2018-10-29,20.71540069580078,20.246200561523438,20.615400314331055,20.407699584960938,4323165.0,18.8253116607666
2018-10-30,20.82309913635254,20.292299270629883,20.407699584960938,20.576900482177734,5870758.0,18.981393814086914
2018-10-31,21.19230079650879,20.600000381469727,20.684600830078125,20.969200134277344,6534322.0,19.34327507019043
2018-11-01,21.346200942993164,20.85379981994629,21.153799057006836,20.869199752807617,7456780.0,19.251028060913086
2018-11-02,21.43079948425293,21.046199798583984,21.076900482177734,21.407699584960938,8841497.0,19.747774124145508
2018-11-05,21.71540069580078,21.17690086364746,21.39229965209961,21.43079948425293,8344839.0,19.76908302307129
2018-11-06,21.484600067138672,21.12310028076172,21.484600067138672,21.299999237060547,5026508.0,19.64842414855957
2018-11-07,21.515399932861328,21.061500549316406,21.292299270629883,21.10770034790039,6336521.0,19.471036911010742
2018-11-08,21.346200942993164,20.946199417114258,21.28459930419922,20.969200134277344,4279726.0,19.34327507019043
2018-11-09,21.12310028076172,20.76919937133789,20.984600067138672,20.792299270629883,5132558.0,19.180089950561523
2018-11-12,21.399999618530273,20.776899337768555,20.776899337768555,21.39229965209961,6090275.0,19.73356819152832
2018-11-13,21.661500930786133,21.169200897216797,21.169200897216797,21.64620018005371,8753444.0,19.96778106689453
2018-11-14,21.684600830078125,21.35379981994629,21.600000381469727,21.39229965209961,6238776.0,19.73356819152832
2018-11-15,21.899999618530273,21.35379981994629,21.43079948425293,21.846200942993164,7951387.0,20.15227508544922
2018-11-16,22.130800247192383,21.78459930419922,21.846200942993164,21.884599685668945,9549880.0,20.18769645690918
2018-11-19,21.923099517822266,21.523099899291992,21.80769920349121,21.85379981994629,6524398.0,20.159284591674805
2018-11-20,21.71540069580078,21.446199417114258,21.69230079650879,21.46150016784668,6312153.0,19.79740333557129
2018-11-21,21.507699966430664,21.0846004486084,21.30769920349121,21.476900100708008,5207969.0,19.811609268188477
2018-11-22,21.815399169921875,21.35379981994629,21.476900100708008,21.576900482177734,6121620.0,19.903854370117188
2018-11-23,21.592300415039062,20.592300415039062,21.53849983215332,20.953800201416016,7819453.0,19.329069137573242
2018-11-26,21.06920051574707,20.69230079650879,20.89229965209961,20.93079948425293,3811821.0,19.307851791381836
2018-11-27,21.03849983215332,20.67690086364746,20.984600067138672,20.815399169921875,3491586.0,19.201398849487305
2018-11-28,21.015399932861328,20.384599685668945,20.76919937133789,20.899999618530273,5112025.0,19.27943992614746
2018-11-29,21.37689971923828,20.669200897216797,21.14620018005371,20.67690086364746,8307967.0,19.073640823364258
2018-11-30,20.67690086364746,20.0846004486084,20.53849983215332,20.530799865722656,8013657.0,18.938867568969727
2018-12-03,21.515399932861328,20.953800201416016,20.953800201416016,21.484600067138672,10602140.0,19.81871223449707
2018-12-04,22.053800582885742,21.399999618530273,21.5,21.946199417114258,12972206.0,20.244518280029297
2018-12-05,22.292299270629883,21.53849983215332,21.5846004486084,22.06920051574707,12800691.0,20.357982635498047
2018-12-06,22.35379981994629,21.638500213623047,21.976900100708008,21.700000762939453,11022042.0,20.017410278320312
2018-12-07,21.907699584960938,20.907699584960938,21.82309913635254,21.061500549316406,11629471.0,19.42841911315918
2018-12-10,20.861499786376953,20.515399932861328,20.80769920349121,20.523099899291992,6608911.0,18.931764602661133
2018-12-11,20.73080062866211,20.4153995513916,20.56920051574707,20.56920051574707,5010838.0,18.97429084777832
2018-12-12,20.661500930786133,20.253799438476562,20.64620018005371,20.346200942993164,5968285.0,18.768583297729492
2018-12-13,20.62310028076172,20.21540069580078,20.346200942993164,20.484600067138672,5532517.0,18.896249771118164
2018-12-14,20.507699966430664,20.007699966430664,20.484600067138672,20.007699966430664,6729381.0,18.456327438354492
2018-12-17,20.246200561523438,19.469200134277344,19.923099517822266,20.169200897216797,8343195.0,18.60530662536621
2018-12-18,20.030799865722656,19.78459930419922,19.93079948425293,19.907699584960938,4871776.0,18.36408233642578
2018-12-19,20.015399932861328,19.46150016784668,19.93079948425293,19.523099899291992,4546298.0,18.00930404663086
2018-12-20,19.700000762939453,19.46150016784668,19.469200134277344,19.638500213623047,4798001.0,18.115755081176758
2018-12-21,19.67690086364746,19.32309913635254,19.553800582885742,19.446199417114258,4159139.0,17.938365936279297
2018-12-24,19.684600830078125,19.446199417114258,19.523099899291992,19.5846004486084,4680423.0,18.066036224365234
2018-12-25,19.684600830078125,18.923099517822266,19.407699584960938,19.553800582885742,7513698.0,18.03762435913086
2018-12-26,19.738500595092773,19.346200942993164,19.361499786376953,19.615400314331055,3476288.0,18.094446182250977
2018-12-27,19.96150016784668,19.43079948425293,19.923099517822266,19.43079948425293,4299113.0,17.92416000366211
2018-12-28,19.546199798583984,19.330799102783203,19.423099517822266,19.446199417114258,4415843.0,17.938365936279297
2019-01-02,19.530799865722656,19.115400314331055,19.46150016784668,19.207700729370117,3907772.0,17.718360900878906
2019-01-03,19.43079948425293,19.092300415039062,19.238500595092773,19.115400314331055,3169166.0,17.633216857910156
2019-01-04,19.60770034790039,18.861499786376953,19.007699966430664,19.600000381469727,5999418.0,18.080242156982422
2019-01-07,19.846200942993164,18.861499786376953,19.007699966430664,19.776899337768555,4487107.0,18.243423461914062
2019-01-08,19.753799438476562,19.553800582885742,19.700000762939453,19.71540069580078,3560336.0,18.18669319152832
2019-01-09,19.96150016784668,19.684600830078125,19.738500595092773,19.684600830078125,7587375.0,18.158281326293945
2019-01-10,19.71540069580078,19.515399932861328,19.684600830078125,19.546199798583984,4584888.0,18.03061294555664
2019-01-11,19.669200897216797,19.361499786376953,19.53849983215332,19.523099899291992,4673422.0,18.00930404663086
2019-01-14,19.69230079650879,19.35379981994629,19.653799057006836,19.369199752807617,3352271.0,17.86733627319336
2019-01-15,19.592300415039062,19.30769920349121,19.30769920349121,19.56920051574707,5240968.0,18.051830291748047
2019-01-16,19.64620018005371,19.484600067138672,19.53849983215332,19.553800582885742,4054909.0,18.03762435913086
2019-01-17,19.60770034790039,19.361499786376953,19.60770034790039,19.369199752807617,5095568.0,17.86733627319336
2019-01-18,19.60770034790039,19.330799102783203,19.39229965209961,19.561500549316406,6585855.0,18.044727325439453
2019-01-21,19.792299270629883,19.53849983215332,19.60770034790039,19.615400314331055,6993642.0,18.094446182250977
2019-01-22,19.669200897216797,19.330799102783203,19.669200897216797,19.369199752807617,4375302.0,17.86733627319336
2019-01-23,19.423099517822266,19.246200561523438,19.338499069213867,19.28459930419922,4096229.0,17.789295196533203
2019-01-24,19.346200942993164,19.14620018005371,19.299999237060547,19.299999237060547,5470959.0,17.80350112915039
2019-01-25,19.299999237060547,18.907699584960938,19.299999237060547,18.938499450683594,7175890.0,17.47003173828125
2019-01-28,19.0846004486084,18.630800247192383,18.953800201416016,18.669200897216797,6147646.0,17.221614837646484
2019-01-29,18.761499404907227,18.246200561523438,18.67690086364746,18.446199417114258,5022208.0,17.015905380249023
2019-01-30,18.60770034790039,18.338499069213867,18.384599685668945,18.369199752807617,3666178.0,16.944875717163086
2019-01-31,18.515399932861328,18.007699966430664,18.28459930419922,18.37689971923828,5634224.0,16.95197868347168
2019-02-01,18.96150016784668,18.4153995513916,18.446199417114258,18.815399169921875,5154665.0,17.356477737426758
2019-02-11,19.299999237060547,18.738500595092773,18.80769920349121,19.261499404907227,5675536.0,17.767986297607422
2019-02-12,19.600000381469727,19.21540069580078,19.261499404907227,19.43079948425293,8481870.0,17.92416000366211
2019-02-13,19.723100662231445,19.30769920349121,19.60770034790039,19.653799057006836,9425781.0,18.129867553710938
2019-02-14,19.899999618530273,19.523099899291992,19.60770034790039,19.76919937133789,8550192.0,18.23632049560547
2019-02-15,19.799999237060547,19.592300415039062,19.753799438476562,19.600000381469727,5516071.0,18.080242156982422
2019-02-18,20.17690086364746,19.707700729370117,19.71540069580078,20.17690086364746,10154886.0,18.612409591674805
2019-02-19,20.276899337768555,19.846200942993164,20.153799057006836,20.015399932861328,8206931.0,18.463430404663086
2019-02-20,20.100000381469727,19.746200561523438,20.023099899291992,19.946199417114258,6776429.0,18.39959716796875
2019-02-21,20.14620018005371,19.73080062866211,19.85379981994629,19.799999237060547,8272375.0,18.264732360839844
2019-02-22,20.061500549316406,19.753799438476562,19.799999237060547,20.061500549316406,8740816.0,18.505956649780273
2019-02-25,21.076900482177734,20.21540069580078,20.21540069580078,21.076900482177734,19203277.0,19.442625045776367
2019-02-26,22.06920051574707,20.884599685668945,21.076900482177734,21.507699966430664,24837116.0,19.84002113342285
2019-02-27,21.815399169921875,21.092300415039062,21.5,21.26919937133789,14026649.0,19.620012283325195
2019-02-28,21.792299270629883,21.26919937133789,21.292299270629883,21.56920051574707,12797426.0,19.896751403808594
2019-03-01,21.80769920349121,21.23080062866211,21.73080062866211,21.53849983215332,10472029.0,19.868431091308594
2019-03-04,22.299999237060547,21.5846004486084,21.67690086364746,21.830799102783203,20113609.0,20.1380672454834
2019-03-05,22.115400314331055,21.700000762939453,21.815399169921875,22.115400314331055,14515585.0,20.40060043334961
2019-03-06,22.56920051574707,22.046199798583984,22.32309913635254,22.523099899291992,21414300.0,20.776687622070312
2019-03-07,22.723100662231445,22.17690086364746,22.32309913635254,22.39229965209961,22149713.0,20.656028747558594
2019-03-08,22.261499404907227,21.292299270629883,22.161500930786133,21.30769920349121,22264538.0,19.655527114868164
2019-03-11,22.138500213623047,21.30769920349121,21.30769920349121,22.115400314331055,15526804.0,20.40060043334961
2019-03-12,23.423099517822266,22.292299270629883,22.292299270629883,22.96150016784668,33826344.0,21.181095123291016
2019-03-13,23.661500930786133,22.615400314331055,22.93079948425293,22.753799438476562,26125561.0,20.989498138427734
2019-03-14,23.26919937133789,22.076900482177734,22.846200942993164,22.37689971923828,16511748.0,20.641822814941406
2019-03-15,22.684600830078125,22.246200561523438,22.4153995513916,22.453800201416016,13364278.0,20.71276092529297
2019-03-18,23.17690086364746,22.407699584960938,22.423099517822266,23.14620018005371,18502494.0,21.351472854614258
2019-03-19,23.276899337768555,22.62310028076172,23.276899337768555,22.753799438476562,19620337.0,20.989498138427734
2019-03-20,22.976900100708008,22.43079948425293,22.815399169921875,22.723100662231445,13802674.0,20.961179733276367
2019-03-21,22.89229965209961,22.630800247192383,22.723100662231445,22.776899337768555,12650441.0,21.010807037353516
2019-03-22,22.76919937133789,22.17690086364746,22.669200897216797,22.615400314331055,14695198.0,20.861831665039062
2019-03-25,22.492300033569336,22.169200897216797,22.169200897216797,22.19230079650879,10740219.0,20.471538543701172
2019-03-26,22.338499069213867,21.546199798583984,22.26919937133789,21.56920051574707,12700708.0,19.896751403808594
2019-03-27,21.899999618530273,21.546199798583984,21.761499404907227,21.815399169921875,9840974.0,20.12386131286621
2019-03-28,22.100000381469727,21.69230079650879,21.73080062866211,21.707700729370117,9061231.0,20.024513244628906
2019-03-29,22.292299270629883,21.576900482177734,21.73080062866211,22.28459930419922,13156588.0,20.55668067932129
2019-04-01,23.030799865722656,22.37689971923828,22.37689971923828,22.992300033569336,17707730.0,21.20950698852539
2019-04-02,25.100000381469727,24.0,24.576900482177734,24.399999618530273,35879342.0,22.508054733276367
2019-04-03,24.71540069580078,24.346200942993164,24.43079948425293,24.53849983215332,19520810.0,22.63581657409668
2019-04-04,25.653799057006836,24.62310028076172,24.62310028076172,25.169200897216797,23897398.0,23.217613220214844
2019-04-08,25.71540069580078,24.615400314331055,25.276899337768555,25.12310028076172,24629464.0,23.175086975097656
2019-04-09,25.60770034790039,24.869199752807617,25.12310028076172,25.30769920349121,17238583.0,23.345373153686523
2019-04-10,25.846200942993164,24.869199752807617,25.100000381469727,25.484600067138672,18461177.0,23.508556365966797
2019-04-11,25.669200897216797,24.615400314331055,25.407699584960938,24.71540069580078,19671200.0,22.798999786376953
2019-04-12,25.092300415039062,24.399999618530273,24.738500595092773,24.5846004486084,11601323.0,22.678340911865234
2019-04-15,25.076900482177734,24.384599685668945,24.884599685668945,24.384599685668945,12825039.0,22.49384880065918
2019-04-16,24.776899337768555,24.207700729370117,24.37689971923828,24.76919937133789,11063128.0,22.8486270904541
2019-04-17,24.87689971923828,24.600000381469727,24.76919937133789,24.661500930786133,8793967.0,22.749279022216797
2019-04-18,24.653799057006836,24.315399169921875,24.615400314331055,24.384599685668945,8203791.0,22.49384880065918
2019-04-19,24.53849983215332,24.207700729370117,24.423099517822266,24.507699966430664,7137685.0,22.607404708862305
2019-04-22,24.738500595092773,24.315399169921875,24.661500930786133,24.384599685668945,8936181.0,22.49384880065918
2019-04-23,24.423099517822266,24.0846004486084,24.39229965209961,24.12310028076172,7008978.0,22.252626419067383
2019-04-24,24.576900482177734,24.14620018005371,24.153799057006836,24.576900482177734,7897087.0,22.67123794555664
2019-04-25,25.115400314331055,24.238500595092773,24.53849983215332,24.30769920349121,15126784.0,22.422910690307617
2019-04-26,24.776899337768555,24.0846004486084,24.553800582885742,24.17690086364746,12156439.0,22.302255630493164
2019-05-06,24.546199798583984,24.546199798583984,24.546199798583984,24.546199798583984,0.0,22.642919540405273
2019-05-07,21.446199417114258,19.9153995513916,19.9153995513916,20.76919937133789,37256404.0,19.158782958984375
2019-05-08,20.71540069580078,19.923099517822266,19.923099517822266,20.453800201416016,14789912.0,18.86783790588379
2019-05-09,20.753799438476562,20.261499404907227,20.26919937133789,20.576900482177734,11518444.0,18.981393814086914
2019-05-10,20.976900100708008,20.23080062866211,20.653799057006836,20.80769920349121,15777690.0,19.19429588317871
